borders:
  border1:
    minX: 340.1780090332031
    maxX: 404.5143127441406
    minZ: 87.02519989013672
    maxZ: 139.50360107421875